5.4442 0.5804 92.5
5.8977 0.575 90.6
6.3233 0.5605 91.6
6.4761 0.5462 89.2
6.6053 0.5123 88.6
6.824 0.4598 88.2
6.9147 0.4009 88.9
6.9588 0.3404 89.5
5.1815 0.5639 92.5
5.7276 0.5371 90.2
6.0297 0.5068 87.5
6.2529 0.4468 87.6
6.3437 0.3869 87.6
6.3803 0.3228 88.2
4.4491 0.542 94.1
4.9551 0.5278 91.8
5.2962 0.4951 88.4
5.537 0.4303 89.8
5.666 0.3727 88
5.7491 0.3097 87.2
3.7003 0.5193 96.7
3.9322 0.5133 94.4
4.4689 0.4861 92
4.8272 0.4238 88.3
4.9464 0.3588 85.9
5.0198 0.2976 86.7
2.5603 0.4969 100.1
3.0692 0.4708 96.1
3.6135 0.4109 90.9
3.7989 0.3404 87.2
3.9082 0.274 85.8
1.4865 0.4859 100.4
2.5466 0.4621 98.6
2.7976 0.4319 95.6
3.0505 0.3999 92
3.2739 0.3354 89
3.3828 0.2638 85.7
0.9933 0.4704 100.2
1.698 0.4685 100.8
2.0066 0.456 99.3
2.305 0.4241 89.9
2.4957 0.3926 94.7
2.7648 0.328 89.9
2.8721 0.254 89.4
0.6493 0.4616 99.1
1.3189 0.4477 99.8
1.7012 0.4173 98.4
1.891 0.3855 97
2.1227 0.3188 91.8
2.2464 0.2505 89.5
2.3047 0.2177 87.2
0.3009 0.4459 97.8
0.5049 0.437 98.5
0.8784 0.4086 98.7
1.0941 0.374 98.4
1.4086 0.3089 95.6
1.5914 0.2394 91.5
1.6652 0.2066 88.9
0.4424 0.4017 97.2
0.6052 0.3701 97.3
0.9054 0.3028 97.1
1.1998 0.2337 93.3
1.2884 0.1993 94.4
0.3997 0.3658 96.5
0.702 0.2994 95.9
0.9268 0.2299 95.3
0.0101 0.1944 94.1
0.1659 0.289 93.6
0.3541 0.22 93.5
0.4287 0.184 93
